data: {  }
size: 8404
last_modified: 1641318080
width: 132.24001
height: 32.160034
mime_type: image/svg+xml
